epoch	loss	acc	val_loss	val_acc
0	2.536256	0.145558	2.302714	0.248649
1	2.298744	0.199433	2.087758	0.354955
2	2.055036	0.319471	1.820976	0.463063
3	1.797056	0.424386	1.614846	0.518919
4	1.602672	0.484877	1.414213	0.610811
5	1.379566	0.568998	1.232090	0.655856
6	1.237972	0.619093	1.063441	0.718919
7	1.088059	0.656900	1.002731	0.699099
8	0.997563	0.703214	0.902444	0.726126
9	0.878812	0.715501	0.786719	0.778378
10	0.782781	0.766541	0.714721	0.796396
11	0.726892	0.761815	0.690968	0.798198
12	0.708210	0.760870	0.651633	0.812613
13	0.608665	0.810964	0.613775	0.819820
14	0.582416	0.808129	0.562442	0.827027
15	0.571686	0.816635	0.513938	0.843243
16	0.520481	0.845936	0.499424	0.837838
17	0.491905	0.849716	0.494482	0.857658
18	0.464935	0.855388	0.450080	0.863063
19	0.449665	0.867675	0.439706	0.861261
20	0.403191	0.872401	0.417688	0.872072
21	0.379454	0.888469	0.433628	0.868468
22	0.354142	0.893195	0.378648	0.890090
23	0.362532	0.879017	0.376016	0.888288
24	0.333728	0.895085	0.356010	0.897297
25	0.309324	0.896975	0.371232	0.879279
26	0.293600	0.917769	0.361951	0.881081
27	0.279570	0.918715	0.366373	0.899099
28	0.271566	0.920605	0.328304	0.904505
29	0.227631	0.931947	0.301107	0.918919
30	0.254484	0.913989	0.323990	0.915315
31	0.251041	0.921550	0.286165	0.922523
32	0.217852	0.932892	0.275584	0.922523
33	0.220960	0.939509	0.295543	0.918919
34	0.231072	0.927221	0.276355	0.924324
35	0.234270	0.935728	0.264427	0.927928
36	0.220121	0.935728	0.305789	0.917117
37	0.201284	0.934783	0.264155	0.931532
38	0.188921	0.943289	0.261065	0.929730
39	0.171807	0.949905	0.261947	0.929730
40	0.195103	0.941399	0.254193	0.933333
41	0.208745	0.933837	0.222065	0.944144
42	0.153686	0.959357	0.248741	0.933333
43	0.156451	0.952741	0.244951	0.938739
44	0.186572	0.945180	0.239687	0.929730
45	0.164666	0.950851	0.208969	0.947748
46	0.158974	0.957467	0.209791	0.956757
47	0.136273	0.965028	0.214773	0.956757
48	0.140623	0.955577	0.183454	0.956757
49	0.137643	0.959357	0.231548	0.940541
50	0.133316	0.960302	0.201135	0.944144
51	0.110242	0.972590	0.201361	0.951351
52	0.137074	0.958412	0.202948	0.945946
53	0.113927	0.970699	0.193275	0.951351
54	0.112808	0.965974	0.201932	0.953153
55	0.140085	0.951796	0.181124	0.962162
56	0.123911	0.963138	0.184912	0.956757
57	0.112710	0.965974	0.194345	0.945946
58	0.112782	0.976371	0.189099	0.951351
59	0.100054	0.977316	0.230440	0.942342
60	0.123551	0.961248	0.205285	0.947748
61	0.122727	0.958412	0.171469	0.962162
62	0.119837	0.959357	0.192110	0.956757
63	0.084361	0.976371	0.170581	0.963964
64	0.096636	0.977316	0.189986	0.958559
65	0.100100	0.969754	0.186884	0.953153
66	0.098370	0.970699	0.200981	0.954955
67	0.092358	0.969754	0.168235	0.963964
68	0.089343	0.970699	0.165666	0.963964
69	0.094374	0.975425	0.181736	0.954955
70	0.090072	0.975425	0.196911	0.958559
71	0.099745	0.970699	0.167228	0.967568
72	0.083952	0.976371	0.171653	0.960360
73	0.080685	0.979206	0.177321	0.956757
74	0.060115	0.987713	0.163096	0.969369
75	0.077366	0.974480	0.173079	0.963964
76	0.082435	0.972590	0.161143	0.965766
77	0.074083	0.977316	0.170147	0.967568
78	0.086341	0.977316	0.169578	0.962162
79	0.082934	0.976371	0.158550	0.965766
80	0.088160	0.970699	0.176785	0.960360
81	0.078103	0.981096	0.154222	0.978378
82	0.057944	0.985822	0.161328	0.971171
83	0.054206	0.991493	0.156520	0.967568
84	0.059015	0.984877	0.161489	0.967568
85	0.062823	0.985822	0.167310	0.967568
86	0.063822	0.982042	0.168562	0.963964
87	0.061810	0.979206	0.158879	0.971171
88	0.068085	0.982042	0.159138	0.972973
89	0.057473	0.984877	0.169537	0.960360
90	0.061812	0.984877	0.155699	0.971171
91	0.056778	0.983932	0.180943	0.960360
92	0.068659	0.981096	0.165581	0.969369
93	0.052983	0.986767	0.180592	0.962162
94	0.055041	0.984877	0.162685	0.963964
95	0.052024	0.986767	0.175821	0.960360
96	0.049558	0.987713	0.173649	0.969369
97	0.044246	0.986767	0.166128	0.963964
98	0.060662	0.980151	0.168100	0.963964
99	0.062472	0.981096	0.152276	0.972973
100	0.058411	0.984877	0.158697	0.963964
101	0.052950	0.985822	0.149691	0.967568
102	0.053690	0.985822	0.166565	0.963964
103	0.039376	0.991493	0.156923	0.965766
104	0.057365	0.982042	0.158150	0.965766
105	0.050435	0.985822	0.161528	0.969369
106	0.045585	0.988658	0.168678	0.965766
107	0.046516	0.987713	0.156649	0.969369
108	0.043709	0.986767	0.170213	0.969369
109	0.054678	0.982042	0.176263	0.962162
110	0.039531	0.991493	0.177107	0.963964
111	0.050833	0.985822	0.159401	0.967568
112	0.055596	0.984877	0.162523	0.967568
113	0.042058	0.988658	0.159643	0.969369
114	0.052348	0.985822	0.152720	0.967568
115	0.051306	0.986767	0.138089	0.971171
116	0.046525	0.983932	0.138273	0.967568
117	0.052085	0.982042	0.154730	0.969369
118	0.044396	0.988658	0.142265	0.974775
119	0.044417	0.989603	0.160107	0.971171
120	0.031308	0.993384	0.151302	0.974775
121	0.035446	0.993384	0.164188	0.967568
122	0.036357	0.989603	0.142778	0.976577
123	0.036856	0.986767	0.156086	0.969369
124	0.039299	0.985822	0.155511	0.974775
125	0.043912	0.982987	0.149733	0.974775
126	0.041554	0.988658	0.192746	0.956757
127	0.033096	0.993384	0.151984	0.972973
128	0.032272	0.992439	0.154196	0.974775
129	0.032284	0.991493	0.150998	0.971171
130	0.046746	0.984877	0.172030	0.965766
131	0.040530	0.991493	0.163346	0.967568
132	0.025089	0.996219	0.151454	0.969369
133	0.028492	0.993384	0.157447	0.969369
134	0.031295	0.992439	0.160174	0.969369
135	0.032008	0.992439	0.139298	0.980180
136	0.030234	0.993384	0.158391	0.969369
137	0.032694	0.992439	0.137445	0.976577
138	0.028659	0.991493	0.136562	0.976577
139	0.038477	0.989603	0.146311	0.969369
140	0.031232	0.989603	0.153520	0.967568
141	0.033172	0.991493	0.141465	0.976577
142	0.023163	0.997164	0.148276	0.978378
143	0.027223	0.991493	0.157002	0.974775
144	0.023693	0.996219	0.150684	0.972973
145	0.025388	0.995274	0.156464	0.969369
146	0.025669	0.993384	0.147963	0.972973
147	0.027471	0.995274	0.142995	0.972973
148	0.027508	0.995274	0.156482	0.971171
149	0.024871	0.995274	0.156199	0.971171
150	0.024872	0.996219	0.150858	0.971171
151	0.036727	0.987713	0.155892	0.976577
152	0.021679	0.997164	0.151444	0.972973
153	0.033335	0.992439	0.165830	0.969369
154	0.025583	0.996219	0.142838	0.972973
155	0.021192	0.993384	0.139581	0.974775
156	0.024831	0.993384	0.138373	0.972973
157	0.035977	0.989603	0.172323	0.969369
158	0.032279	0.992439	0.139900	0.971171
159	0.029029	0.994329	0.139116	0.976577
160	0.020728	0.998110	0.138763	0.976577
161	0.022486	0.996219	0.147535	0.972973
162	0.034004	0.990548	0.175293	0.969369
163	0.024090	0.995274	0.154928	0.976577
164	0.026206	0.995274	0.142322	0.974775
165	0.027585	0.992439	0.145188	0.974775
166	0.022102	0.997164	0.165854	0.976577
167	0.028442	0.989603	0.159326	0.972973
168	0.026039	0.995274	0.146996	0.974775
169	0.021914	0.996219	0.152318	0.971171
170	0.027517	0.992439	0.159590	0.974775
171	0.020957	0.993384	0.151059	0.974775
172	0.019458	0.998110	0.165654	0.969369
173	0.030093	0.990548	0.156475	0.974775
174	0.023435	0.993384	0.143669	0.974775
175	0.022036	0.994329	0.157170	0.969369
176	0.027617	0.992439	0.161564	0.969369
177	0.018558	0.997164	0.158711	0.969369
178	0.025213	0.994329	0.151986	0.972973
179	0.016939	0.996219	0.153027	0.967568
180	0.020331	0.994329	0.155220	0.971171
181	0.017004	0.996219	0.151695	0.969369
182	0.020292	0.995274	0.162170	0.972973
183	0.027979	0.992439	0.163029	0.969369
184	0.020374	0.994329	0.175382	0.969369
185	0.015244	0.998110	0.152898	0.978378
186	0.017422	0.997164	0.151169	0.974775
187	0.026984	0.992439	0.148677	0.972973
188	0.022971	0.994329	0.163438	0.974775
189	0.019673	0.995274	0.158881	0.972973
190	0.017341	0.996219	0.160962	0.969369
191	0.017634	0.995274	0.173210	0.967568
192	0.017430	0.996219	0.147300	0.972973
193	0.018701	0.995274	0.141483	0.972973
194	0.017542	0.996219	0.153257	0.971171
195	0.020118	0.994329	0.150167	0.971171
196	0.015885	0.998110	0.159645	0.972973
197	0.014141	0.998110	0.156314	0.974775
198	0.023330	0.994329	0.169868	0.967568
199	0.024018	0.991493	0.147542	0.978378
200	0.020068	0.996219	0.155174	0.974775
201	0.012493	0.998110	0.155850	0.971171
202	0.012193	0.998110	0.158120	0.972973
203	0.022785	0.995274	0.156119	0.971171
204	0.044921	0.991493	0.159993	0.972973
205	0.030155	0.988658	0.171001	0.971171
206	0.020346	0.994329	0.162204	0.971171
207	0.015647	0.997164	0.159795	0.974775
208	0.016602	0.998110	0.148952	0.976577
209	0.015196	0.998110	0.154487	0.976577
210	0.021129	0.994329	0.166221	0.972973
211	0.013995	0.996219	0.166836	0.976577
212	0.012466	0.997164	0.156252	0.976577
213	0.016112	0.996219	0.152792	0.974775
214	0.072044	0.982987	0.233851	0.947748
215	0.036827	0.986767	0.162135	0.974775
216	0.020839	0.994329	0.158089	0.972973
217	0.015659	0.998110	0.156414	0.971171
218	0.011486	1.000000	0.157120	0.972973
219	0.019564	0.994329	0.156391	0.972973
220	0.014771	0.998110	0.166994	0.972973
221	0.015490	0.998110	0.153964	0.972973
222	0.015149	0.995274	0.151295	0.972973
223	0.014875	0.997164	0.150980	0.971171
224	0.022612	0.993384	0.150951	0.974775
225	0.016520	0.996219	0.144616	0.972973
226	0.012510	0.997164	0.150450	0.976577
227	0.017185	0.997164	0.164099	0.974775
228	0.013590	0.997164	0.157250	0.974775
229	0.018657	0.995274	0.160261	0.972973
230	0.017189	0.997164	0.147799	0.974775
231	0.016808	0.995274	0.163820	0.972973
232	0.014846	0.996219	0.154557	0.972973
233	0.012832	0.997164	0.149376	0.976577
234	0.015669	0.997164	0.149923	0.974775
235	0.014451	0.998110	0.141958	0.974775
236	0.009352	1.000000	0.151580	0.978378
237	0.013643	0.997164	0.147794	0.972973
238	0.015658	0.996219	0.157554	0.971171
239	0.011623	1.000000	0.142139	0.974775
240	0.016805	0.994329	0.158571	0.974775
241	0.010498	0.999055	0.151590	0.972973
242	0.011394	0.999055	0.150093	0.976577
243	0.013180	0.999055	0.141482	0.976577
244	0.010547	0.998110	0.150067	0.972973
245	0.012425	0.997164	0.159972	0.969369
246	0.011109	0.996219	0.152851	0.971171
247	0.013746	0.996219	0.151261	0.974775
248	0.012810	0.997164	0.152516	0.976577
249	0.017681	0.995274	0.149724	0.974775
250	0.013809	0.997164	0.154122	0.971171
251	0.014757	0.996219	0.152878	0.974775
252	0.010624	0.999055	0.146774	0.972973
253	0.010908	0.996219	0.162108	0.969369
254	0.010192	0.999055	0.176354	0.969369
255	0.008516	0.999055	0.166590	0.974775
256	0.010119	0.999055	0.155326	0.976577
257	0.017879	0.995274	0.160925	0.971171
258	0.015549	0.998110	0.145509	0.976577
259	0.015494	0.996219	0.148413	0.971171
260	0.011743	0.998110	0.152818	0.976577
261	0.009711	0.999055	0.157024	0.974775
262	0.021057	0.993384	0.149477	0.974775
263	0.011203	0.997164	0.143497	0.976577
264	0.014785	0.996219	0.162426	0.976577
265	0.008731	1.000000	0.151028	0.976577
266	0.013652	0.996219	0.156570	0.974775
267	0.016312	0.996219	0.137803	0.974775
268	0.009292	0.997164	0.155308	0.972973
269	0.014755	0.995274	0.153406	0.974775
270	0.009346	0.997164	0.153283	0.972973
271	0.006010	1.000000	0.147123	0.974775
272	0.011474	0.997164	0.142892	0.972973
273	0.011144	0.999055	0.154609	0.976577
274	0.016982	0.992439	0.162120	0.969369
275	0.013370	0.996219	0.145243	0.976577
276	0.007310	1.000000	0.154012	0.972973
277	0.007943	0.999055	0.147442	0.974775
278	0.010176	0.997164	0.147668	0.974775
279	0.008002	0.999055	0.160691	0.972973
280	0.009858	0.997164	0.154819	0.974775
281	0.012450	0.998110	0.155807	0.972973
282	0.008687	0.999055	0.162301	0.978378
283	0.010887	0.998110	0.155225	0.976577
284	0.012077	0.998110	0.153755	0.974775
285	0.013025	0.999055	0.146803	0.976577
286	0.020931	0.993384	0.151914	0.974775
287	0.011437	0.996219	0.141121	0.972973
288	0.009976	0.998110	0.152166	0.972973
289	0.010268	0.999055	0.149061	0.971171
290	0.015083	0.996219	0.145682	0.976577
291	0.012802	0.995274	0.160109	0.971171
292	0.009901	0.997164	0.146367	0.976577
293	0.011838	0.996219	0.134273	0.976577
294	0.009392	0.998110	0.143654	0.976577
295	0.009447	0.997164	0.139282	0.974775
296	0.008276	0.999055	0.151858	0.972973
297	0.013474	0.994329	0.175912	0.974775
298	0.010339	0.998110	0.151238	0.976577
299	0.010798	0.998110	0.158048	0.972973
